# HDT Underwater Manipulator

link size: use meshlab to calculate volume of each link mesh
1. Convex Hull
2. compute geometric measures


H021472 - A24-M PROXIMAL TUBE ASSY.STL

Mesh Bounding Box Size 0.352714 0.042998 0.042998
Mesh Bounding Box Diag 0.357917 
Mesh Surface Area is 0.049459
Thin shell (faces) barycenter: -0.000000 -0.000000 -0.000000
Vertices barycenter -0.000000 -0.000000 0.000000
Mesh Volume is 0.000500
Center of Mass is -0.000000 -0.000000 0.000000
Inertia Tensor is :
| 0.000000 0.000000 0.000000 |
| 0.000000 0.000005 -0.000000 |
| 0.000000 -0.000000 0.000005 |
Principal axes are :
| -1.000000 0.000000 0.000000 |
| -0.000000 -0.871220 -0.490893 |
| -0.000000 0.490893 -0.871220 |
axis momenta are :
| 0.000000 0.000005 0.000005 |


H021473 - A24-M DISTAL TUBE ASSY.STL

Mesh Bounding Box Size 0.042944 0.042944 0.344100
Mesh Bounding Box Diag 0.349418 
Mesh Surface Area is 0.045175
Thin shell (faces) barycenter: -0.000000 -0.000000 -0.004171
Vertices barycenter 0.000000 0.000000 -0.106114
Mesh Volume is 0.000426
Center of Mass is -0.000000 -0.000000 -0.008062
Inertia Tensor is :
| 0.000004 -0.000000 -0.000000 |
| -0.000000 0.000004 -0.000000 |
| -0.000000 -0.000000 0.000000 |
Principal axes are :
| 0.000000 0.000000 1.000000 |
| -0.324397 -0.945921 0.000000 |
| 0.945921 -0.324397 0.000000 |
axis momenta are :
| 0.000000 0.000004 0.000004 |


H022927 - A35 PINCER FINGER, LONG, OVERMOLD ASSY - SHAREABLE.STL

Mesh Bounding Box Size 0.153946 0.043517 0.018000
Mesh Bounding Box Diag 0.160987 
Mesh Surface Area is 0.014291
Thin shell (faces) barycenter: 0.064895 -0.003414 0.000001
Vertices barycenter 0.072222 -0.000980 -0.000094
Mesh Volume is 0.000075
Center of Mass is 0.065487 -0.003886 -0.000000
Inertia Tensor is :
| 0.000000 -0.000000 -0.000000 |
| -0.000000 0.000000 0.000000 |
| -0.000000 0.000000 0.000000 |
Principal axes are :
| -0.998677 -0.051426 -0.000046 |
| -0.051426 0.998677 -0.000045 |
| -0.000049 0.000042 1.000000 |
axis momenta are :
| 0.000000 0.000000 0.000000 |


H024840 - A35 M-2 DRIVE MODULE, SHAREABLE.STL

Mesh Bounding Box Size 0.055893 0.049990 0.068154
Mesh Bounding Box Diag 0.101331 
Mesh Surface Area is 0.014464
Thin shell (faces) barycenter: 0.002660 0.000000 -0.011245
Vertices barycenter -0.001978 0.000053 -0.001156
Mesh Volume is 0.000143
Center of Mass is 0.002642 0.000000 -0.011917
Inertia Tensor is :
| 0.000000 0.000000 -0.000000 |
| 0.000000 0.000000 -0.000000 |
| -0.000000 -0.000000 0.000000 |
Principal axes are :
| 0.126437 0.000001 0.991975 |
| -0.991975 0.000124 0.126437 |
| -0.000123 -1.000000 0.000016 |
axis momenta are :
| 0.000000 0.000000 0.000000 |


H024842 - A35 M-2 PINCER ASSY - SHAREABLE, UNDERWATER.STL 

Mesh Bounding Box Size 0.152392 0.148219 0.103137
Mesh Bounding Box Diag 0.236282 
Mesh Surface Area is 0.050338
Thin shell (faces) barycenter: 0.021568 -0.027280 -0.007105
Vertices barycenter 0.046597 -0.045705 -0.013843
Mesh Volume is 0.000779
Center of Mass is 0.018377 -0.023788 -0.005752
Inertia Tensor is :
| 0.000001 0.000000 0.000000 |
| 0.000000 0.000001 -0.000000 |
| 0.000000 -0.000000 0.000002 |
Principal axes are :
| -0.749329 0.533119 0.392797 |
| 0.346627 0.821196 -0.453306 |
| -0.564229 -0.203521 -0.800140 |
axis momenta are :
| 0.000001 0.000001 0.000002 |

H024842 - A35 M-2 PINCER ASSY - SHAREABLE, UNDERWATER, WIRE FIX.STL

Mesh Bounding Box Size 0.099985 0.167477 0.093388
Mesh Bounding Box Diag 0.216256 
Mesh Surface Area is 0.040770
Thin shell (faces) barycenter: 0.003809 -0.011513 -0.003176
Vertices barycenter 0.006328 -0.022112 -0.009439
Mesh Volume is 0.000638
Center of Mass is 0.003541 -0.010210 -0.003640
Inertia Tensor is :
| 0.000001 0.000000 -0.000000 |
| 0.000000 0.000001 0.000000 |
| -0.000000 0.000000 0.000001 |
Principal axes are :
| 0.082009 -0.958862 0.271768 |
| -0.835166 -0.214920 -0.506267 |
| 0.543849 -0.185453 -0.818435 |
axis momenta are :
| 0.000001 0.000001 0.000001 |

H024847 - A35 M-2 PROXIMAL TUBE ASSY - SHAREABLE.STL

Mesh Bounding Box Size 0.307928 0.042998 0.042998
Mesh Bounding Box Diag 0.313875 
Mesh Surface Area is 0.043445
Thin shell (faces) barycenter: -0.000000 0.000000 0.000000
Vertices barycenter -0.000000 0.000000 0.000000
Mesh Volume is 0.000436
Center of Mass is -0.000000 0.000000 -0.000000
Inertia Tensor is :
| 0.000000 0.000000 -0.000000 |
| 0.000000 0.000003 -0.000000 |
| -0.000000 -0.000000 0.000003 |
Principal axes are :
| -1.000000 0.000000 -0.000000 |
| 0.000000 0.301581 0.953441 |
| 0.000000 0.953441 -0.301581 |
axis momenta are :
| 0.000000 0.000003 0.000003 |

H024848 - A35 M-2 DISTAL TUBE ASSY - SHAREABLE.STL

Mesh Bounding Box Size 0.042944 0.042944 0.206009
Mesh Bounding Box Diag 0.214775 
Mesh Surface Area is 0.028315
Thin shell (faces) barycenter: -0.000000 0.000014 -0.001836
Vertices barycenter -0.000009 0.000257 -0.035668
Mesh Volume is 0.000262
Center of Mass is -0.000000 0.000000 -0.003686
Inertia Tensor is :
| 0.000001 0.000000 -0.000000 |
| 0.000000 0.000001 0.000000 |
| -0.000000 0.000000 0.000000 |
Principal axes are :
| 0.000000 -0.000000 1.000000 |
| -0.010195 0.999948 0.000000 |
| 0.999948 0.010195 -0.000000 |
axis momenta are :
| 0.000000 0.000001 0.000001 |

H026994 - A35 M-2 PEDESTAL ASSY - SHAREABLE.STL

Mesh Bounding Box Size 0.173622 0.101600 0.044800
Mesh Bounding Box Diag 0.206093 
Mesh Surface Area is 0.042790
Thin shell (faces) barycenter: -0.022153 -0.002277 0.019660
Vertices barycenter -0.024662 -0.003439 0.028478
Mesh Volume is 0.000521
Center of Mass is -0.019635 -0.001889 0.020485
Inertia Tensor is :
| 0.000000 -0.000000 0.000000 |
| -0.000000 0.000001 0.000000 |
| 0.000000 0.000000 0.000001 |
Principal axes are :
| -0.992904 -0.113721 0.034767 |
| -0.114005 0.993460 -0.006296 |
| 0.033823 0.010215 0.999376 |
axis momenta are :
| 0.000000 0.000001 0.000001 |

H027262 - A35 M-2 PINCER ASSY - SHAREABLE, UNDERWATER.STL

Mesh Bounding Box Size 0.099985 0.074781 0.092541
Mesh Bounding Box Diag 0.155413 
Mesh Surface Area is 0.027465
Thin shell (faces) barycenter: -0.000829 0.002521 -0.006197
Vertices barycenter -0.009665 -0.002651 -0.019330
Mesh Volume is 0.000365
Center of Mass is -0.000434 0.002766 -0.006378
Inertia Tensor is :
| 0.000000 -0.000000 -0.000000 |
| -0.000000 0.000000 -0.000000 |
| -0.000000 -0.000000 0.000000 |
Principal axes are :
| 0.857785 0.065115 0.509867 |
| 0.502327 0.104072 -0.858392 |
| 0.108957 -0.992436 -0.056562 |
axis momenta are :
| 0.000000 0.000000 0.000000 |
